4	0
5	0
6	0
7	0
8	0
9	0
10	0
11	0
12	0
13	10
14	1
15	0
16	4
17	0
18	0
19	8
20	0
21	4
22	8
23	1
24	0
25	11
26	1
27	0
28	0
29	0
30	0
31	0
32	0
33	0
34	0
35	0
36	0
37	0
38	0
39	0
40	12
41	0
42	0
43	18
44	0
45	0
46	20
47	0
48	11
49	0
50	0
51	2
52	9
53	0
54	0
55	9
56	0
57	0
58	0
59	0
60	0
61	0
62	0
63	0
64	0
65	0
66	0
67	0
68	0
69	5
70	0
71	0
72	4
73	0
74	0
75	6
76	0
77	12
78	5
79	0
80	7
81	4
82	1
83	3
84	0
85	0
86	0
87	0
88	0
89	0
90	0
91	0
92	0
93	0
94	0
95	0
96	1
97	0
98	6
99	6
100	0
101	0
102	0
103	0
104	5
105	0
106	0
107	13
108	0
109	0
110	7
111	0
112	0
113	0
114	0
115	0
116	0
117	0
118	0
119	0
120	0
121	0
122	0
123	0
124	0
125	0
126	0
127	3
128	7
129	0
130	7
131	56
132	80
133	84
134	71
135	56
136	0
137	23
138	0
139	1
140	0
141	0
142	0
143	0
144	0
145	0
146	0
147	0
148	0
149	0
150	0
151	0
152	0
153	21
154	0
155	0
156	7
157	0
158	59
159	49
160	63
161	84
162	80
163	75
164	5
165	0
166	7
167	0
168	0
169	0
170	0
171	0
172	0
173	0
174	0
175	0
176	0
177	0
178	0
179	0
180	8
181	0
182	7
183	10
184	0
185	69
186	32
187	84
188	84
189	77
190	44
191	75
192	56
193	9
194	10
195	4
196	0
197	0
198	0
199	0
200	0
201	0
202	0
203	0
204	0
205	0
206	0
207	0
208	0
209	0
210	0
211	4
212	71
213	31
214	84
215	70
216	79
217	13
218	20
219	83
220	83
221	39
222	0
223	0
224	0
225	0
226	0
227	0
228	0
229	5
230	0
231	0
232	13
233	0
234	0
235	4
236	7
237	0
238	8
239	1
240	64
241	84
242	84
243	84
244	84
245	64
246	24
247	17
248	77
249	4
250	5
251	0
252	0
253	0
254	0
255	0
256	0
257	5
258	0
259	0
260	4
261	0
262	0
263	2
264	6
265	4
266	50
267	68
268	84
269	72
270	18
271	19
272	84
273	58
274	40
275	80
276	84
277	72
278	7
279	0
280	0
281	0
282	0
283	0
284	1
285	2
286	1
287	0
288	0
289	1
290	1
291	0
292	9
293	28
294	61
295	84
296	73
297	25
298	7
299	83
300	21
301	34
302	1
303	2
304	84
305	63
306	53
307	0
308	0
309	0
310	0
311	0
312	0
313	0
314	4
315	0
316	0
317	4
318	0
319	0
320	36
321	1
322	84
323	51
324	47
325	83
326	0
327	0
328	7
329	0
330	0
331	0
332	84
333	80
334	80
335	0
336	0
337	0
338	0
339	0
340	0
341	0
342	5
343	1
344	1
345	0
346	0
347	12
348	7
349	83
350	56
351	79
352	13
353	11
354	13
355	7
356	0
357	25
358	0
359	0
360	84
361	78
362	19
363	6
364	0
365	0
366	0
367	0
368	2
369	0
370	4
371	0
372	1
373	0
374	0
375	72
376	83
377	77
378	63
379	15
380	0
381	20
382	3
383	0
384	0
385	0
386	0
387	10
388	75
389	84
390	11
391	6
392	0
393	0
394	0
395	0
396	4
397	0
398	2
399	0
400	2
401	0
402	30
403	4
404	81
405	24
406	0
407	0
408	0
409	0
410	0
411	27
412	16
413	0
414	0
415	16
416	75
417	66
418	34
419	0
420	0
421	0
422	0
423	0
424	3
425	0
426	1
427	0
428	4
429	0
430	64
431	84
432	83
433	22
434	10
435	0
436	2
437	10
438	0
439	0
440	0
441	4
442	18
443	0
444	84
445	84
446	49
447	0
448	0
449	0
450	0
451	0
452	3
453	3
454	0
455	0
456	1
457	6
458	3
459	77
460	59
461	26
462	3
463	0
464	5
465	5
466	10
467	0
468	1
469	0
470	11
471	42
472	80
473	13
474	19
475	0
476	0
477	0
478	0
479	0
480	1
481	0
482	4
483	7
484	3
485	0
486	79
487	83
488	52
489	15
490	0
491	0
492	3
493	0
494	0
495	1
496	7
497	0
498	46
499	84
500	63
501	64
502	0
503	2
504	0
505	0
506	0
507	0
508	3
509	2
510	2
511	0
512	0
513	0
514	1
515	84
516	57
517	0
518	2
519	0
520	10
521	11
522	0
523	3
524	39
525	21
526	78
527	63
528	5
529	8
530	0
531	0
532	0
533	0
534	0
535	0
536	0
537	5
538	4
539	0
540	0
541	6
542	5
543	76
544	47
545	24
546	0
547	0
548	0
549	0
550	14
551	25
552	63
553	82
554	81
555	0
556	4
557	0
558	0
559	0
560	0
561	0
562	0
563	0
564	0
565	1
566	7
567	3
568	1
569	1
570	83
571	74
572	80
573	39
574	67
575	22
576	82
577	15
578	57
579	74
580	58
581	74
582	57
583	15
584	0
585	18
586	0
587	7
588	0
589	0
590	0
591	0
592	3
593	0
594	0
595	6
596	2
597	0
598	82
599	84
600	84
601	65
602	58
603	53
604	78
605	84
606	72
607	34
608	47
609	6
610	0
611	0
612	16
613	0
614	4
615	0
616	0
617	0
618	0
619	0
620	6
621	1
622	0
623	0
624	2
625	0
626	50
627	12
628	67
629	84
630	79
631	69
632	80
633	60
634	51
635	3
636	0
637	4
638	11
639	14
640	0
641	6
642	0
643	7
644	0
645	0
646	0
647	0
648	0
649	8
650	5
651	0
652	10
653	4
654	0
655	32
656	59
657	65
658	84
659	79
660	65
661	32
662	8
663	0
664	0
665	0
666	5
667	0
668	0
669	7
670	3
671	0
672	0
673	0
674	0
675	0
676	0
677	0
678	0
679	0
680	0
681	0
682	0
683	0
684	0
685	0
686	0
687	0
688	0
689	0
690	0
691	0
692	0
693	0
694	0
695	0
696	0
697	0
698	0
699	0
700	0
701	0
702	0
703	0
704	0
705	0
706	0
707	0
708	0
709	0
710	0
711	0
712	0
713	0
714	0
715	0
716	0
717	0
718	0
719	0
720	0
721	0
722	0
723	0
724	0
725	0
726	0
727	0
728	0
729	0
730	0
731	0
732	0
733	0
734	0
735	0
736	0
737	0
738	0
739	0
740	0
741	0
742	0
743	0
744	0
745	0
746	0
747	0
748	0
749	0
750	0
751	0
752	0
753	0
754	0
755	0
756	0
757	0
758	0
759	0
760	0
761	0
762	0
763	0
764	0
765	0
766	0
767	0
768	0
769	0
770	0
771	0
772	0
773	0
774	0
775	0
776	0
777	0
778	0
779	0
780	0
781	0
782	0
783	0
784	0
785	0
786	0
787	0
788	0
789	0
790	0
791	0
792	0
793	0
794	0
795	0
796	0
797	10
798	1
799	0
800	4
801	0
802	0
803	8
804	0
805	4
806	8
807	1
808	0
809	11
810	1
811	0
812	0
813	0
814	0
815	0
816	0
817	0
818	0
819	0
820	0
821	0
822	0
823	0
824	12
825	0
826	0
827	18
828	0
829	0
830	20
831	0
832	11
833	0
834	0
835	2
836	9
837	0
838	0
839	9
840	0
841	0
842	0
843	0
844	0
845	0
846	0
847	0
848	0
849	0
850	0
851	0
852	0
853	5
854	0
855	0
856	4
857	0
858	0
859	6
860	0
861	12
862	5
863	0
864	7
865	4
866	1
867	3
868	0
869	0
870	0
871	0
872	0
873	0
874	0
875	0
876	0
877	0
878	0
879	0
880	1
881	0
882	6
883	6
884	0
885	0
886	0
887	0
888	5
889	0
890	0
891	13
892	0
893	0
894	7
895	0
896	0
897	0
898	0
899	0
900	0
901	0
902	0
903	0
904	0
905	0
906	0
907	0
908	0
909	0
910	0
911	3
912	7
913	0
914	7
915	56
916	80
917	84
918	71
919	56
920	0
921	23
922	0
923	1
924	0
925	0
926	0
927	0
928	0
929	0
930	0
931	0
932	0
933	0
934	0
935	0
936	0
937	21
938	0
939	0
940	7
941	0
942	59
943	49
944	63
945	84
946	80
947	75
948	5
949	0
950	7
951	0
952	0
953	0
954	0
955	0
956	0
957	0
958	0
959	0
960	0
961	0
962	0
963	0
964	8
965	0
966	7
967	10
968	0
969	69
970	32
971	84
972	84
973	77
974	44
975	75
976	56
977	9
978	10
979	4
980	0
981	0
982	0
983	0
984	0
985	0
986	0
987	0
988	0
989	0
990	0
991	0
992	0
993	0
994	0
995	4
996	71
997	31
998	84
999	70
1000	79
1001	13
1002	20
1003	83
1004	83
1005	39
1006	0
1007	0
1008	0
1009	0
1010	0
1011	0
1012	0
1013	5
1014	0
1015	0
1016	13
1017	0
1018	0
1019	4
1020	7
1021	0
1022	8
1023	1
1024	64
1025	84
1026	84
1027	84
1028	84
1029	64
1030	24
1031	17
1032	77
1033	4
1034	5
1035	0
1036	0
1037	0
1038	0
1039	0
1040	0
1041	5
1042	0
1043	0
1044	4
1045	0
1046	0
1047	2
1048	6
1049	4
1050	50
1051	68
1052	84
1053	72
1054	18
1055	19
1056	84
1057	58
1058	40
1059	80
1060	84
1061	72
1062	7
1063	0
1064	0
1065	0
1066	0
1067	0
1068	1
1069	2
1070	1
1071	0
1072	0
1073	1
1074	1
1075	0
1076	9
1077	28
1078	61
1079	84
1080	73
1081	25
1082	7
1083	83
1084	21
1085	34
1086	1
1087	2
1088	84
1089	63
1090	53
1091	0
1092	0
1093	0
1094	0
1095	0
1096	0
1097	0
1098	4
1099	0
1100	0
1101	4
1102	0
1103	0
1104	36
1105	1
1106	84
1107	51
1108	47
1109	83
1110	0
1111	0
1112	7
1113	0
1114	0
1115	0
1116	84
1117	80
1118	80
1119	0
1120	0
1121	0
1122	0
1123	0
1124	0
1125	0
1126	5
1127	1
1128	1
1129	0
1130	0
1131	12
1132	7
1133	83
1134	56
1135	79
1136	13
1137	11
1138	13
1139	7
1140	0
1141	25
1142	0
1143	0
1144	84
1145	78
1146	19
1147	6
1148	0
1149	0
1150	0
1151	0
1152	2
1153	0
1154	4
1155	0
1156	1
1157	0
1158	0
1159	72
1160	83
1161	77
1162	63
1163	15
1164	0
1165	20
1166	3
1167	0
1168	0
1169	0
1170	0
1171	10
1172	75
1173	84
1174	11
1175	6
1176	0
1177	0
1178	0
1179	0
1180	4
1181	0
1182	2
1183	0
1184	2
1185	0
1186	30
1187	4
1188	81
1189	24
1190	0
1191	0
1192	0
1193	0
1194	0
1195	27
1196	16
1197	0
1198	0
1199	16
1200	75
1201	66
1202	34
1203	0
1204	0
1205	0
1206	0
1207	0
1208	3
1209	0
1210	1
1211	0
1212	4
1213	0
1214	64
1215	84
1216	83
1217	22
1218	10
1219	0
1220	2
1221	10
1222	0
1223	0
1224	0
1225	4
1226	18
1227	0
1228	84
1229	84
1230	49
1231	0
1232	0
1233	0
1234	0
1235	0
1236	3
1237	3
1238	0
1239	0
1240	1
1241	6
1242	3
1243	77
1244	59
1245	26
1246	3
1247	0
1248	5
1249	5
1250	10
1251	0
1252	1
1253	0
1254	11
1255	42
1256	80
1257	13
1258	19
1259	0
1260	0
1261	0
1262	0
1263	0
1264	1
1265	0
1266	4
1267	7
1268	3
1269	0
1270	79
1271	83
1272	52
1273	15
1274	0
1275	0
1276	3
1277	0
1278	0
1279	1
1280	7
1281	0
1282	46
1283	84
1284	63
1285	64
1286	0
1287	2
1288	0
1289	0
1290	0
1291	0
1292	3
1293	2
1294	2
1295	0
1296	0
1297	0
1298	1
1299	84
1300	57
1301	0
1302	2
1303	0
1304	10
1305	11
1306	0
1307	3
1308	39
1309	21
1310	78
1311	63
1312	5
1313	8
1314	0
1315	0
1316	0
1317	0
1318	0
1319	0
1320	0
1321	5
1322	4
1323	0
1324	0
1325	6
1326	5
1327	76
1328	47
1329	24
1330	0
1331	0
1332	0
1333	0
1334	14
1335	25
1336	63
1337	82
1338	81
1339	0
1340	4
1341	0
1342	0
1343	0
1344	0
1345	0
1346	0
1347	0
1348	0
1349	1
1350	7
1351	3
1352	1
1353	1
1354	83
1355	74
1356	80
1357	39
1358	67
1359	22
1360	82
1361	15
1362	57
1363	74
1364	58
1365	74
1366	57
1367	15
1368	0
1369	18
1370	0
1371	7
1372	0
1373	0
1374	0
1375	0
1376	3
1377	0
1378	0
1379	6
1380	2
1381	0
1382	82
1383	84
1384	84
1385	65
1386	58
1387	53
1388	78
1389	84
1390	72
1391	34
1392	47
1393	6
1394	0
1395	0
1396	16
1397	0
1398	4
1399	0
1400	0
1401	0
1402	0
1403	0
1404	6
1405	1
1406	0
1407	0
1408	2
1409	0
1410	50
1411	12
1412	67
1413	84
1414	79
1415	69
1416	80
1417	60
1418	51
1419	3
1420	0
1421	4
1422	11
1423	14
1424	0
1425	6
1426	0
1427	7
1428	0
1429	0
1430	0
1431	0
1432	0
1433	8
1434	5
1435	0
1436	10
1437	4
1438	0
1439	32
1440	59
1441	65
1442	84
1443	79
1444	65
1445	32
1446	8
1447	0
1448	0
1449	0
1450	5
1451	0
1452	0
1453	7
1454	3
1455	0
1456	0
1457	0
1458	0
1459	0
1460	0
1461	0
1462	0
1463	0
1464	0
1465	0
1466	0
1467	0
1468	0
1469	0
1470	0
1471	0
1472	0
1473	0
1474	0
1475	0
1476	0
1477	0
1478	0
1479	0
1480	0
1481	0
1482	0
1483	0
1484	0
1485	0
1486	0
1487	0
1488	0
1489	0
1490	0
1491	0
1492	0
1493	0
1494	0
1495	0
1496	0
1497	0
1498	0
1499	0
1500	0
1501	0
1502	0
1503	0
1504	0
1505	0
1506	0
1507	0
1508	0
1509	0
1510	0
1511	0
1512	0
1513	0
1514	0
1515	0
1516	0
1517	0
1518	0
1519	0
1520	0
1521	0
1522	0
1523	0
1524	0
1525	0
1526	0
1527	0
1528	0
1529	0
1530	0
1531	0
1532	0
1533	0
1534	0
1535	0
1536	0
1537	0
1538	0
1539	0
1540	0
1541	0
1542	0
1543	0
1544	0
1545	0
1546	0
1547	0
1548	0
1549	0
1550	0
1551	0
1552	0
1553	0
1554	0
1555	0
1556	0
1557	0
1558	0
1559	0
1560	0
1561	0
1562	0
1563	0
1564	0
1565	0
1566	0
1567	0
1568	0
1569	0
1570	0
1571	0
1572	0
1573	0
1574	0
1575	0
1576	0
1577	0
1578	0
1579	0
1580	0
1581	10
1582	1
1583	0
1584	4
1585	0
1586	0
1587	8
1588	0
1589	4
1590	8
1591	1
1592	0
1593	11
1594	1
1595	0
1596	0
1597	0
1598	0
1599	0
1600	0
1601	0
1602	0
1603	0
1604	0
1605	0
1606	0
1607	0
1608	12
1609	0
1610	0
1611	18
1612	0
1613	0
1614	20
1615	0
1616	11
1617	0
1618	0
1619	2
1620	9
1621	0
1622	0
1623	9
1624	0
1625	0
1626	0
1627	0
1628	0
1629	0
1630	0
1631	0
1632	0
1633	0
1634	0
1635	0
1636	0
1637	5
1638	0
1639	0
1640	4
1641	0
1642	0
1643	6
1644	0
1645	12
1646	5
1647	0
1648	7
1649	4
1650	1
1651	3
1652	0
1653	0
1654	0
1655	0
1656	0
1657	0
1658	0
1659	0
1660	0
1661	0
1662	0
1663	0
1664	1
1665	0
1666	6
1667	6
1668	0
1669	0
1670	0
1671	0
1672	5
1673	0
1674	0
1675	13
1676	0
1677	0
1678	7
1679	0
1680	0
1681	0
1682	0
1683	0
1684	0
1685	0
1686	0
1687	0
1688	0
1689	0
1690	0
1691	0
1692	0
1693	0
1694	0
1695	3
1696	7
1697	0
1698	7
1699	56
1700	80
1701	84
1702	71
1703	56
1704	0
1705	23
1706	0
1707	1
1708	0
1709	0
1710	0
1711	0
1712	0
1713	0
1714	0
1715	0
1716	0
1717	0
1718	0
1719	0
1720	0
1721	21
1722	0
1723	0
1724	7
1725	0
1726	59
1727	49
1728	63
1729	84
1730	80
1731	75
1732	5
1733	0
1734	7
1735	0
1736	0
1737	0
1738	0
1739	0
1740	0
1741	0
1742	0
1743	0
1744	0
1745	0
1746	0
1747	0
1748	8
1749	0
1750	7
1751	10
1752	0
1753	69
1754	32
1755	84
1756	84
1757	77
1758	44
1759	75
1760	56
1761	9
1762	10
1763	4
1764	0
1765	0
1766	0
1767	0
1768	0
1769	0
1770	0
1771	0
1772	0
1773	0
1774	0
1775	0
1776	0
1777	0
1778	0
1779	4
1780	71
1781	31
1782	84
1783	70
1784	79
1785	13
1786	20
1787	83
1788	83
1789	39
1790	0
1791	0
1792	0
1793	0
1794	0
1795	0
1796	0
1797	5
1798	0
1799	0
1800	13
1801	0
1802	0
1803	4
1804	7
1805	0
1806	8
1807	1
1808	64
1809	84
1810	84
1811	84
1812	84
1813	64
1814	24
1815	17
1816	77
1817	4
1818	5
1819	0
1820	0
1821	0
1822	0
1823	0
1824	0
1825	5
1826	0
1827	0
1828	4
1829	0
1830	0
1831	2
1832	6
1833	4
1834	50
1835	68
1836	84
1837	72
1838	18
1839	19
1840	84
1841	58
1842	40
1843	80
1844	84
1845	72
1846	7
1847	0
1848	0
1849	0
1850	0
1851	0
1852	1
1853	2
1854	1
1855	0
1856	0
1857	1
1858	1
1859	0
1860	9
1861	28
1862	61
1863	84
1864	73
1865	25
1866	7
1867	83
1868	21
1869	34
1870	1
1871	2
1872	84
1873	63
1874	53
1875	0
1876	0
1877	0
1878	0
1879	0
1880	0
1881	0
1882	4
1883	0
1884	0
1885	4
1886	0
1887	0
1888	36
1889	1
1890	84
1891	51
1892	47
1893	83
1894	0
1895	0
1896	7
1897	0
1898	0
1899	0
1900	84
1901	80
1902	80
1903	0
1904	0
1905	0
1906	0
1907	0
1908	0
1909	0
1910	5
1911	1
1912	1
1913	0
1914	0
1915	12
1916	7
1917	83
1918	56
1919	79
1920	13
1921	11
1922	13
1923	7
1924	0
1925	25
1926	0
1927	0
1928	84
1929	78
1930	19
1931	6
1932	0
1933	0
1934	0
1935	0
1936	2
1937	0
1938	4
1939	0
1940	1
1941	0
1942	0
1943	72
1944	83
1945	77
1946	63
1947	15
1948	0
1949	20
1950	3
1951	0
1952	0
1953	0
1954	0
1955	10
1956	75
1957	84
1958	11
1959	6
1960	0
1961	0
1962	0
1963	0
1964	4
1965	0
1966	2
1967	0
1968	2
1969	0
1970	30
1971	4
1972	81
1973	24
1974	0
1975	0
1976	0
1977	0
1978	0
1979	27
1980	16
1981	0
1982	0
1983	16
1984	75
1985	66
1986	34
1987	0
1988	0
1989	0
1990	0
1991	0
1992	3
1993	0
1994	1
1995	0
1996	4
1997	0
1998	64
1999	84
2000	83
2001	22
2002	10
2003	0
2004	2
2005	10
2006	0
2007	0
2008	0
2009	4
2010	18
2011	0
2012	84
2013	84
2014	49
2015	0
2016	0
2017	0
2018	0
2019	0
2020	3
2021	3
2022	0
2023	0
2024	1
2025	6
2026	3
2027	77
2028	59
2029	26
2030	3
2031	0
2032	5
2033	5
2034	10
2035	0
2036	1
2037	0
2038	11
2039	42
2040	80
2041	13
2042	19
2043	0
2044	0
2045	0
2046	0
2047	0
2048	1
2049	0
2050	4
2051	7
2052	3
2053	0
2054	79
2055	83
2056	52
2057	15
2058	0
2059	0
2060	3
2061	0
2062	0
2063	1
2064	7
2065	0
2066	46
2067	84
2068	63
2069	64
2070	0
2071	2
2072	0
2073	0
2074	0
2075	0
2076	3
2077	2
2078	2
2079	0
2080	0
2081	0
2082	1
2083	84
2084	57
2085	0
2086	2
2087	0
2088	10
2089	11
2090	0
2091	3
2092	39
2093	21
2094	78
2095	63
2096	5
2097	8
2098	0
2099	0
2100	0
2101	0
2102	0
2103	0
2104	0
2105	5
2106	4
2107	0
2108	0
2109	6
2110	5
2111	76
2112	47
2113	24
2114	0
2115	0
2116	0
2117	0
2118	14
2119	25
2120	63
2121	82
2122	81
2123	0
2124	4
2125	0
2126	0
2127	0
2128	0
2129	0
2130	0
2131	0
2132	0
2133	1
2134	7
2135	3
2136	1
2137	1
2138	83
2139	74
2140	80
2141	39
2142	67
2143	22
2144	82
2145	15
2146	57
2147	74
2148	58
2149	74
2150	57
2151	15
2152	0
2153	18
2154	0
2155	7
2156	0
2157	0
2158	0
2159	0
2160	3
2161	0
2162	0
2163	6
2164	2
2165	0
2166	82
2167	84
2168	84
2169	65
2170	58
2171	53
2172	78
2173	84
2174	72
2175	34
2176	47
2177	6
2178	0
2179	0
2180	16
2181	0
2182	4
2183	0
2184	0
2185	0
2186	0
2187	0
2188	6
2189	1
2190	0
2191	0
2192	2
2193	0
2194	50
2195	12
2196	67
2197	84
2198	79
2199	69
2200	80
2201	60
2202	51
2203	3
2204	0
2205	4
2206	11
2207	14
2208	0
2209	6
2210	0
2211	7
2212	0
2213	0
2214	0
2215	0
2216	0
2217	8
2218	5
2219	0
2220	10
2221	4
2222	0
2223	32
2224	59
2225	65
2226	84
2227	79
2228	65
2229	32
2230	8
2231	0
2232	0
2233	0
2234	5
2235	0
2236	0
2237	7
2238	3
2239	0
2240	0
2241	0
2242	0
2243	0
2244	0
2245	0
2246	0
2247	0
2248	0
2249	0
2250	0
2251	0
2252	0
2253	0
2254	0
2255	0
2256	0
2257	0
2258	0
2259	0
2260	0
2261	0
2262	0
2263	0
2264	0
2265	0
2266	0
2267	0
2268	0
2269	0
2270	0
2271	0
2272	0
2273	0
2274	0
2275	0
2276	0
2277	0
2278	0
2279	0
2280	0
2281	0
2282	0
2283	0
2284	0
2285	0
2286	0
2287	0
2288	0
2289	0
2290	0
2291	0
2292	0
2293	0
2294	0
2295	0
2296	0
2297	0
2298	0
2299	0
2300	0
2301	0
2302	0
2303	0
2304	0
2305	0
2306	0
2307	0
2308	0
2309	0
2310	0
2311	0
2312	0
2313	0
2314	0
2315	0
2316	0
2317	0
2318	0
2319	0
2320	0
2321	0
2322	0
2323	0
2324	0
2325	0
2326	0
2327	0
2328	0
2329	0
2330	0
2331	0
2332	0
2333	0
2334	0
2335	0
2336	0
2337	0
2338	0
2339	0
2340	0
2341	0
2342	0
2343	0
2344	0
2345	0
2346	0
2347	0
2348	0
2349	0
2350	0
2351	0
2352	0
2353	0
2354	0
2355	0
2356	0
2357	0
2358	0
2359	0
2360	0
2361	0
2362	0
2363	0
2364	0
2365	10
2366	1
2367	0
2368	4
2369	0
2370	0
2371	8
2372	0
2373	4
2374	8
2375	1
2376	0
2377	11
2378	1
2379	0
2380	0
2381	0
2382	0
2383	0
2384	0
2385	0
2386	0
2387	0
2388	0
2389	0
2390	0
2391	0
2392	12
2393	0
2394	0
2395	18
2396	0
2397	0
2398	20
2399	0
2400	11
2401	0
2402	0
2403	2
2404	9
2405	0
2406	0
2407	9
2408	0
2409	0
2410	0
2411	0
2412	0
2413	0
2414	0
2415	0
2416	0
2417	0
2418	0
2419	0
2420	0
2421	5
2422	0
2423	0
2424	4
2425	0
2426	0
2427	6
2428	0
2429	12
2430	5
2431	0
2432	7
2433	4
2434	1
2435	3
2436	0
2437	0
2438	0
2439	0
2440	0
2441	0
2442	0
2443	0
2444	0
2445	0
2446	0
2447	0
2448	1
2449	0
2450	6
2451	6
2452	0
2453	0
2454	0
2455	0
2456	5
2457	0
2458	0
2459	13
2460	0
2461	0
2462	7
2463	0
2464	0
2465	0
2466	0
2467	0
2468	0
2469	0
2470	0
2471	0
2472	0
2473	0
2474	0
2475	0
2476	0
2477	0
2478	0
2479	3
2480	7
2481	0
2482	7
2483	56
2484	80
2485	84
2486	71
2487	56
2488	0
2489	23
2490	0
2491	1
2492	0
2493	0
2494	0
2495	0
2496	0
2497	0
2498	0
2499	0
2500	0
2501	0
2502	0
2503	0
2504	0
2505	21
2506	0
2507	0
2508	7
2509	0
2510	59
2511	49
2512	63
2513	84
2514	80
2515	75
2516	5
2517	0
2518	7
2519	0
2520	0
2521	0
2522	0
2523	0
2524	0
2525	0
2526	0
2527	0
2528	0
2529	0
2530	0
2531	0
2532	8
2533	0
2534	7
2535	10
2536	0
2537	69
2538	32
2539	84
2540	84
2541	77
2542	44
2543	75
2544	56
2545	9
2546	10
2547	4
2548	0
2549	0
2550	0
2551	0
2552	0
2553	0
2554	0
2555	0
2556	0
2557	0
2558	0
2559	0
2560	0
2561	0
2562	0
2563	4
2564	71
2565	31
2566	84
2567	70
2568	79
2569	13
2570	20
2571	83
2572	83
2573	39
2574	0
2575	0
2576	0
2577	0
2578	0
2579	0
2580	0
2581	5
2582	0
2583	0
2584	13
2585	0
2586	0
2587	4
2588	7
2589	0
2590	8
2591	1
2592	64
2593	84
2594	84
2595	84
2596	84
2597	64
2598	24
2599	17
2600	77
2601	4
2602	5
2603	0
2604	0
2605	0
2606	0
2607	0
2608	0
2609	5
2610	0
2611	0
2612	4
2613	0
2614	0
2615	2
2616	6
2617	4
2618	50
2619	68
2620	84
2621	72
2622	18
2623	19
2624	84
2625	58
2626	40
2627	80
2628	84
2629	72
2630	7
2631	0
2632	0
2633	0
2634	0
2635	0
2636	1
2637	2
2638	1
2639	0
2640	0
2641	1
2642	1
2643	0
2644	9
2645	28
2646	61
2647	84
2648	73
2649	25
2650	7
2651	83
2652	21
2653	34
2654	1
2655	2
2656	84
2657	63
2658	53
2659	0
2660	0
2661	0
2662	0
2663	0
2664	0
2665	0
2666	4
2667	0
2668	0
2669	4
2670	0
2671	0
2672	36
2673	1
2674	84
2675	51
2676	47
2677	83
2678	0
2679	0
2680	7
2681	0
2682	0
2683	0
2684	84
2685	80
2686	80
2687	0
2688	0
2689	0
2690	0
2691	0
2692	0
2693	0
2694	5
2695	1
2696	1
2697	0
2698	0
2699	12
2700	7
2701	83
2702	56
2703	79
2704	13
2705	11
2706	13
2707	7
2708	0
2709	25
2710	0
2711	0
2712	84
2713	78
2714	19
2715	6
2716	0
2717	0
2718	0
2719	0
2720	2
2721	0
2722	4
2723	0
2724	1
2725	0
2726	0
2727	72
2728	83
2729	77
2730	63
2731	15
2732	0
2733	20
2734	3
2735	0
2736	0
2737	0
2738	0
2739	10
2740	75
2741	84
2742	11
2743	6
2744	0
2745	0
2746	0
2747	0
2748	4
2749	0
2750	2
2751	0
2752	2
2753	0
2754	30
2755	4
2756	81
2757	24
2758	0
2759	0
2760	0
2761	0
2762	0
2763	27
2764	16
2765	0
2766	0
2767	16
2768	75
2769	66
2770	34
2771	0
2772	0
2773	0
2774	0
2775	0
2776	3
2777	0
2778	1
2779	0
2780	4
2781	0
2782	64
2783	84
2784	83
2785	22
2786	10
2787	0
2788	2
2789	10
2790	0
2791	0
2792	0
2793	4
2794	18
2795	0
2796	84
2797	84
2798	49
2799	0
2800	0
2801	0
2802	0
2803	0
2804	3
2805	3
2806	0
2807	0
2808	1
2809	6
2810	3
2811	77
2812	59
2813	26
2814	3
2815	0
2816	5
2817	5
2818	10
2819	0
2820	1
2821	0
2822	11
2823	42
2824	80
2825	13
2826	19
2827	0
2828	0
2829	0
2830	0
2831	0
2832	1
2833	0
2834	4
2835	7
2836	3
2837	0
2838	79
2839	83
2840	52
2841	15
2842	0
2843	0
2844	3
2845	0
2846	0
2847	1
2848	7
2849	0
2850	46
2851	84
2852	63
2853	64
2854	0
2855	2
2856	0
2857	0
2858	0
2859	0
2860	3
2861	2
2862	2
2863	0
2864	0
2865	0
2866	1
2867	84
2868	57
2869	0
2870	2
2871	0
2872	10
2873	11
2874	0
2875	3
2876	39
2877	21
2878	78
2879	63
2880	5
2881	8
2882	0
2883	0
2884	0
2885	0
2886	0
2887	0
2888	0
2889	5
2890	4
2891	0
2892	0
2893	6
2894	5
2895	76
2896	47
2897	24
2898	0
2899	0
2900	0
2901	0
2902	14
2903	25
2904	63
2905	82
2906	81
2907	0
2908	4
2909	0
2910	0
2911	0
2912	0
2913	0
2914	0
2915	0
2916	0
2917	1
2918	7
2919	3
2920	1
2921	1
2922	83
2923	74
2924	80
2925	39
2926	67
2927	22
2928	82
2929	15
2930	57
2931	74
2932	58
2933	74
2934	57
2935	15
2936	0
2937	18
2938	0
2939	7
2940	0
2941	0
2942	0
2943	0
2944	3
2945	0
2946	0
2947	6
2948	2
2949	0
2950	82
2951	84
2952	84
2953	65
2954	58
2955	53
2956	78
2957	84
2958	72
2959	34
2960	47
2961	6
2962	0
2963	0
2964	16
2965	0
2966	4
2967	0
2968	0
2969	0
2970	0
2971	0
2972	6
2973	1
2974	0
2975	0
2976	2
2977	0
2978	50
2979	12
2980	67
2981	84
2982	79
2983	69
2984	80
2985	60
2986	51
2987	3
2988	0
2989	4
2990	11
2991	14
2992	0
2993	6
2994	0
2995	7
2996	0
2997	0
2998	0
2999	0
3000	0
3001	8
3002	5
3003	0
3004	10
3005	4
3006	0
3007	32
3008	59
3009	65
3010	84
3011	79
3012	65
3013	32
3014	8
3015	0
3016	0
3017	0
3018	5
3019	0
3020	0
3021	7
3022	3
3023	0
3024	0
3025	0
3026	0
3027	0
3028	0
3029	0
3030	0
3031	0
3032	0
3033	0
3034	0
3035	0
3036	0
3037	0
3038	0
3039	0
3040	0
3041	0
3042	0
3043	0
3044	0
3045	0
3046	0
3047	0
3048	0
3049	0
3050	0
3051	0
3052	0
3053	0
3054	0
3055	0
3056	0
3057	0
3058	0
3059	0
3060	0
3061	0
3062	0
3063	0
3064	0
3065	0
3066	0
3067	0
3068	0
3069	0
3070	0
3071	0
3072	0
3073	0
3074	0
3075	0
3076	0
3077	0
3078	0
3079	0
3080	0
3081	0
3082	0
3083	0
3084	0
3085	0
3086	0
3087	0
3088	0
3089	0
3090	0
3091	0
3092	0
3093	0
3094	0
3095	0
3096	0
3097	0
3098	0
3099	0
3100	0
3101	0
3102	0
3103	0
3104	0
3105	0
3106	0
3107	0
3108	0
3109	0
3110	0
3111	0
3112	0
3113	0
3114	0
3115	0
3116	0
3117	0
3118	0
3119	0
3120	0
3121	0
3122	0
3123	0
3124	0
3125	0
3126	0
3127	0
3128	0
3129	0
3130	0
3131	0
3132	0
3133	0
3134	0
3135	0
3136	0
3137	0
3138	0
3139	0
